&SECTION1
CENTER=43           !<-Identification of Originating/Generating center (See commom code table C1 and C11 )
SUBCENTER=-99999999       !<-Sub-center of generating center (See common code C12)
/
! Note:  255 or -99999999   <- Missing value

!-------------------------
! Location identification 
!-------------------------
&STATION_ID
LATITUDE=-23.49629
LONGITUDE=-46.62009
WIGOS=0-76-0-3550308000000089
WMO=86910
HTEMP=2
HA= 785.6
SMC_TEMP=7
SMC_PREC=7

METHOD_TM=2
/

! *** Maximum temperature ***
&STIME_TX
HOUR=00
MINUTE=00
SECOND=01
DT=0
/

! *** Minimum temperature ***
&STIME_TN
HOUR=12
MINUTE=00
SECOND=01
DT=-1
/

! *** Meam temperature ***
&STIME_TM
HOUR=00
MINUTE=00
SECOND=01
DT=0
/

! *** Total Acumulate precipitation (RR) ***
&STIME_RR
HOUR=12
MINUTE=00
SECOND=01
DT=-1
/

! *** fresh snow (DS) ***
&STIME_DS
HOUR=-99999999
MINUTE=-99999999
SECOND=-99999999
DT=-99999999
/

! *** total snow deph (TSD) ***
&STIME_TSD
HOUR=-99999999
MINUTE=-99999999
SECOND=-99999999
DT=-99999999
/


&DATA_SECTION
!date,rr(mm),qrr,ds,qds,tsd,qtsd,tn(K),qtn,tx(K),qtx,tm(K),qtm
20220101 ,21.6,-99999999,,5,,5,,-99999999,18.1,-99999999,26.9,-99999999
20220102 ,3.4,-99999999,,5,,5,,-99999999,19.6,-99999999,29.0,-99999999
20220103 ,2.8,-99999999,,5,,5,,-99999999,20.2,-99999999,29.3,-99999999
20220104 ,19.8,-99999999,,5,,5,,-99999999,19.8,-99999999,29.0,-99999999
20220105 ,15.6,-99999999,,5,,5,,-99999999,20.0,-99999999,26.8,-99999999
20220106 ,8.8,-99999999,,5,,5,,-99999999,20.4,-99999999,27.4,-99999999
20220107 ,2.4,-99999999,,5,,5,,-99999999,18.8,-99999999,22.8,-99999999
20220108 ,5.0,-99999999,,5,,5,,-99999999,18.1,-99999999,21.8,-99999999
20220109 ,1.6,-99999999,,5,,5,,-99999999,16.9,-99999999,20.8,-99999999
20220110 ,12.8,-99999999,,5,,5,,-99999999,16.3,-99999999,24.7,-99999999
20220111 ,0.0,-99999999,,5,,5,,-99999999,18.7,-99999999,25.1,-99999999
20220112 ,13.4,-99999999,,5,,5,,-99999999,18.5,-99999999,28.5,-99999999
20220113 ,12.8,-99999999,,5,,5,,-99999999,19.6,-99999999,30.1,-99999999
20220114 ,1.4,-99999999,,5,,5,,-99999999,20.0,-99999999,29.4,-99999999
20220115 ,0.0,-99999999,,5,,5,,-99999999,22.1,-99999999,28.8,-99999999
20220116 ,0.0,-99999999,,5,,5,,-99999999,19.7,-99999999,29.8,-99999999
20220117 ,13.4,-99999999,,5,,5,,-99999999,18.8,-99999999,29.6,-99999999
20220118 ,0.0,-99999999,,5,,5,,-99999999,21.0,-99999999,33.4,-99999999
20220119 ,38.0,-99999999,,5,,5,,-99999999,19.3,-99999999,33.7,-99999999
20220120 ,32.2,-99999999,,5,,5,,-99999999,18.5,-99999999,33.0,-99999999
20220121 ,24.0,-99999999,,5,,5,,-99999999,18.6,-99999999,31.6,-99999999
20220122 ,0.0,-99999999,,5,,5,,-99999999,19.3,-99999999,33.7,-99999999
20220123 ,0.0,-99999999,,5,,5,,-99999999,21.6,-99999999,33.8,-99999999
20220124 ,0.0,-99999999,,5,,5,,-99999999,22.2,-99999999,32.9,-99999999
20220125 ,0.0,-99999999,,5,,5,,-99999999,21.7,-99999999,31.8,-99999999
20220126 ,1.2,-99999999,,5,,5,,-99999999,21.6,-99999999,31.6,-99999999
20220127 ,25.4,-99999999,,5,,5,,-99999999,21.2,-99999999,31.0,-99999999
20220128 ,32.4,-99999999,,5,,5,,-99999999,19.6,-99999999,26.3,-99999999
20220129 ,20.0,-99999999,,5,,5,,-99999999,19.2,-99999999,23.1,-99999999
20220130 ,66.4,-99999999,,5,,5,,-99999999,18.1,-99999999,23.5,-99999999
20220131 ,4.2,-99999999,,5,,5,,-99999999,18.6,-99999999,23.3,-99999999

