&SECTION1
CENTER=43           !<-Identification of Originating/Generating center (See commom code table C1 and C11 )
SUBCENTER=-99999999       !<-Sub-center of generating center (See common code C12)
/
! Note:  255 or -99999999   <- Missing value

!-------------------------
! Location identification 
!-------------------------
&STATION_ID
LATITUDE=-15.78944
LONGITUDE=-47.92583
WIGOS=0-76-0-5300108000000001
WMO=86715
HTEMP=2
HA= 1161
SMC_TEMP=7
SMC_PREC=7

METHOD_TM=2
/

! *** Maximum temperature ***
&STIME_TX
HOUR=00
MINUTE=00
SECOND=01
DT=0
/

! *** Minimum temperature ***
&STIME_TN
HOUR=12
MINUTE=00
SECOND=01
DT=-1
/

! *** Meam temperature ***
&STIME_TM
HOUR=00
MINUTE=00
SECOND=01
DT=0
/

! *** Total Acumulate precipitation (RR) ***
&STIME_RR
HOUR=12
MINUTE=00
SECOND=01
DT=-1
/

! *** fresh snow (DS) ***
&STIME_DS
HOUR=-99999999
MINUTE=-99999999
SECOND=-99999999
DT=-99999999
/

! *** total snow deph (TSD) ***
&STIME_TSD
HOUR=-99999999
MINUTE=-99999999
SECOND=-99999999
DT=-99999999
/


&DATA_SECTION
!date,rr(mm),qrr,ds,qds,tsd,qtsd,tn(K),qtn,tx(K),qtx,tm(K),qtm
20220101 ,7.6,-99999999,,5,,5,,-99999999,18.2,-99999999,22.9,-99999999
20220102 ,25.0,-99999999,,5,,5,,-99999999,17.9,-99999999,25.2,-99999999
20220103 ,2.4,-99999999,,5,,5,,-99999999,18.4,-99999999,27.3,-99999999
20220104 ,15.0,-99999999,,5,,5,,-99999999,18.2,-99999999,25.3,-99999999
20220105 ,0.2,-99999999,,5,,5,,-99999999,17.3,-99999999,28.4,-99999999
20220106 ,0.0,-99999999,,5,,5,,-99999999,18.7,-99999999,26.2,-99999999
20220107 ,4.4,-99999999,,5,,5,,-99999999,19.1,-99999999,21.6,-99999999
20220108 ,17.8,-99999999,,5,,5,,-99999999,18.7,-99999999,24.4,-99999999
20220109 ,19.2,-99999999,,5,,5,,-99999999,18.4,-99999999,21.6,-99999999
20220110 ,8.0,-99999999,,5,,5,,-99999999,18.6,-99999999,23.0,-99999999
20220111 ,4.6,-99999999,,5,,5,,-99999999,18.4,-99999999,23.1,-99999999
20220112 ,21.8,-99999999,,5,,5,,-99999999,17.2,-99999999,24.5,-99999999
20220113 ,1.8,-99999999,,5,,5,,-99999999,16.7,-99999999,25.7,-99999999
20220114 ,0.0,-99999999,,5,,5,,-99999999,16.1,-99999999,29.1,-99999999
20220115 ,0.0,-99999999,,5,,5,,-99999999,15.3,-99999999,28.4,-99999999
20220116 ,0.0,-99999999,,5,,5,,-99999999,15.7,-99999999,28.3,-99999999
20220117 ,0.0,-99999999,,5,,5,,-99999999,18.9,-99999999,29.0,-99999999
20220118 ,0.0,-99999999,,5,,5,,-99999999,16.9,-99999999,29.5,-99999999
20220119 ,2.0,-99999999,,5,,5,,-99999999,17.3,-99999999,29.2,-99999999
20220120 ,0.0,-99999999,,5,,5,,-99999999,16.6,-99999999,29.7,-99999999
20220121 ,0.0,-99999999,,5,,5,,-99999999,16.4,-99999999,28.2,-99999999
20220122 ,5.0,-99999999,,5,,5,,-99999999,16.2,-99999999,29.2,-99999999
20220123 ,0.0,-99999999,,5,,5,,-99999999,17.1,-99999999,29.6,-99999999
20220124 ,0.0,-99999999,,5,,5,,-99999999,18.0,-99999999,30.7,-99999999
20220125 ,0.0,-99999999,,5,,5,,-99999999,18.8,-99999999,27.8,-99999999
20220126 ,0.0,-99999999,,5,,5,,-99999999,17.4,-99999999,26.1,-99999999
20220127 ,1.2,-99999999,,5,,5,,-99999999,16.5,-99999999,27.6,-99999999
20220128 ,0.0,-99999999,,5,,5,,-99999999,16.5,-99999999,27.3,-99999999
20220129 ,2.0,-99999999,,5,,5,,-99999999,17.2,-99999999,27.2,-99999999
20220130 ,0.0,-99999999,,5,,5,,-99999999,18.3,-99999999,27.9,-99999999
20220131 ,0.0,-99999999,,5,,5,,-99999999,17.8,-99999999,26.5,-99999999

