&SECTION1
CENTER=43           !<-Identification of Originating/Generating center (See commom code table C1 and C11 )
SUBCENTER=-99999999       !<-Sub-center of generating center (See common code C12)
/
! Note:  255 or -99999999   <- Missing value

!-------------------------
! Location identification 
!-------------------------
&STATION_ID
LATITUDE=-23.49639
LONGITUDE=-46.62
WIGOS=0-76-0-3550308000W83781
WMO=83781
HTEMP=1.5
HA= 785.2
SMC_TEMP=7
SMC_PREC=7

METHOD_TM=3
/

! *** Maximum temperature ***
&STIME_TX
HOUR=00
MINUTE=00
SECOND=01
DT=0
/

! *** Minimum temperature ***
&STIME_TN
HOUR=12
MINUTE=00
SECOND=01
DT=-1
/

! *** Meam temperature ***
&STIME_TM
HOUR=00
MINUTE=00
SECOND=01
DT=0
/

! *** Total Acumulate precipitation (RR) ***
&STIME_RR
HOUR=12
MINUTE=00
SECOND=01
DT=-1
/

! *** fresh snow (DS) ***
&STIME_DS
HOUR=-99999999
MINUTE=-99999999
SECOND=-99999999
DT=-99999999
/

! *** total snow deph (TSD) ***
&STIME_TSD
HOUR=-99999999
MINUTE=-99999999
SECOND=-99999999
DT=-99999999
/


&DATA_SECTION
!date,rr(mm),qrr,ds,qds,tsd,qtsd,tn(K),qtn,tx(K),qtx,tm(K),qtm
20220101 ,21.2,-99999999,,5,,5,18.2,-99999999,26.5,-99999999,22.1,-99999999
20220102 ,  ,-99999999, ,5,,5,,-99999999,,-99999999,,-99999999
20220103 ,2.4,-99999999,,5,,5,21.1,-99999999,28.9,-99999999,23.8,-99999999
20220104 ,19.8,-99999999,,5,,5,20.9,-99999999,28.6,-99999999,24.0,-99999999
20220105 ,15.7,-99999999,,5,,5,21.2,-99999999,26.8,-99999999,23.8,-99999999
20220106 ,8.6,-99999999,,5,,5,20.5,-99999999,27.3,-99999999,22.2,-99999999
20220107 ,1.8,-99999999,,5,,5,18.8,-99999999,22.8,-99999999,20.0,-99999999
20220108 ,4.8,-99999999,,5,,5,18.2,-99999999,21.9,-99999999,18.8,-99999999
20220109 ,  ,-99999999, ,5,,5,,-99999999,,-99999999,,-99999999
20220110 ,13.6,-99999999,,5,,5,,-99999999,24.6,-99999999,,-99999999
20220111 ,0.0,-99999999,,5,,5,18.8,-99999999,25.1,-99999999,21.1,-99999999
20220112 ,12.8,-99999999,,5,,5,18.6,-99999999,28.1,-99999999,22.2,-99999999
20220113 ,12.4,-99999999,,5,,5,19.8,-99999999,29.6,-99999999,23.4,-99999999
20220114 ,1.2,-99999999,,5,,5,20.3,-99999999,29.5,-99999999,24.3,-99999999
20220115 ,0.0,-99999999,,5,,5,22.5,-99999999,28.7,-99999999,25.1,-99999999
20220116 ,  ,-99999999, ,5,,5,,-99999999,,-99999999,,-99999999
20220117 ,13.0,-99999999,,5,,5,,-99999999,29.7,-99999999,,-99999999
20220118 ,0.0,-99999999,,5,,5,21.3,-99999999,32.5,-99999999,24.4,-99999999
20220119 ,40.2,-99999999,,5,,5,19.3,-99999999,33.5,-99999999,24.9,-99999999
20220120 ,38.0,-99999999,,5,,5,18.9,-99999999,32.6,-99999999,23.3,-99999999
20220121 ,25.0,-99999999,,5,,5,19.3,-99999999,31.3,-99999999,24.4,-99999999
20220122 ,0.0,-99999999,,5,,5,20.7,-99999999,33.5,-99999999,24.8,-99999999
20220123 ,  ,-99999999, ,5,,5,,-99999999,,-99999999,,-99999999
20220124 ,0.0,-99999999,,5,,5,,-99999999,32.8,-99999999,,-99999999
20220125 ,0.0,-99999999,,5,,5,21.9,-99999999,31.9,-99999999,25.4,-99999999
20220126 ,0.8,-99999999,,5,,5,21.9,-99999999,31.5,-99999999,24.7,-99999999
20220127 ,25.2,-99999999,,5,,5,21.6,-99999999,31.5,-99999999,25.2,-99999999
20220128 ,32.6,-99999999,,5,,5,19.9,-99999999,25.6,-99999999,21.5,-99999999
20220129 ,19.4,-99999999,,5,,5,19.3,-99999999,23.1,-99999999,20.6,-99999999
20220130 ,  ,-99999999, ,5,,5,,-99999999,,-99999999,,-99999999
20220131 ,0.0,-99999999,,5,,5,,-99999999,23.5,-99999999,,-99999999

