&SECTION1
CENTER=43           !<-Identification of Originating/Generating center (See commom code table C1 and C11 )
SUBCENTER=-99999999       !<-Sub-center of generating center (See common code C12)
/
! Note:  255 or -99999999   <- Missing value

!-------------------------
! Location identification 
!-------------------------
&STATION_ID
LATITUDE=-15.78972
LONGITUDE=-47.92583
WIGOS=0-76-0-5300108000W83377
WMO=83377
HTEMP=1.5
HA= 1161.4
SMC_TEMP=7
SMC_PREC=7

METHOD_TM=3
/

! *** Maximum temperature ***
&STIME_TX
HOUR=00
MINUTE=00
SECOND=01
DT=0
/

! *** Minimum temperature ***
&STIME_TN
HOUR=12
MINUTE=00
SECOND=01
DT=-1
/

! *** Meam temperature ***
&STIME_TM
HOUR=00
MINUTE=00
SECOND=01
DT=0
/

! *** Total Acumulate precipitation (RR) ***
&STIME_RR
HOUR=12
MINUTE=00
SECOND=01
DT=-1
/

! *** fresh snow (DS) ***
&STIME_DS
HOUR=-99999999
MINUTE=-99999999
SECOND=-99999999
DT=-99999999
/

! *** total snow deph (TSD) ***
&STIME_TSD
HOUR=-99999999
MINUTE=-99999999
SECOND=-99999999
DT=-99999999
/


&DATA_SECTION
!date,rr(mm),qrr,ds,qds,tsd,qtsd,tn(K),qtn,tx(K),qtx,tm(K),qtm
20220101 ,6.4,-99999999,,5,,5,18.4,-99999999,23.0,-99999999,19.4,-99999999
20220102 ,23.0,-99999999,,5,,5,17.8,-99999999,25.5,-99999999,20.5,-99999999
20220103 ,1.8,-99999999,,5,,5,18.7,-99999999,27.1,-99999999,21.5,-99999999
20220104 ,12.3,-99999999,,5,,5,18.6,-99999999,25.1,-99999999,21.1,-99999999
20220105 ,0.0,-99999999,,5,,5,17.5,-99999999,28.4,-99999999,22.5,-99999999
20220106 ,0.0,-99999999,,5,,5,19.1,-99999999,25.9,-99999999,21.8,-99999999
20220107 ,3.7,-99999999,,5,,5,19.4,-99999999,21.5,-99999999,20.0,-99999999
20220108 ,14.7,-99999999,,5,,5,19.1,-99999999,24.5,-99999999,20.3,-99999999
20220109 ,17.0,-99999999,,5,,5,18.7,-99999999,20.7,-99999999,19.4,-99999999
20220110 ,6.8,-99999999,,5,,5,18.6,-99999999,23.2,-99999999,20.2,-99999999
20220111 ,3.9,-99999999,,5,,5,18.7,-99999999,23.1,-99999999,19.7,-99999999
20220112 ,19.0,-99999999,,5,,5,17.6,-99999999,24.5,-99999999,20.0,-99999999
20220113 ,1.1,-99999999,,5,,5,16.9,-99999999,25.7,-99999999,20.9,-99999999
20220114 ,0.1,-99999999,,5,,5,16.7,-99999999,29.3,-99999999,22.6,-99999999
20220115 ,0.0,-99999999,,5,,5,16.4,-99999999,28.5,-99999999,22.9,-99999999
20220116 ,0.0,-99999999,,5,,5,16.8,-99999999,28.4,-99999999,22.3,-99999999
20220117 ,0.0,-99999999,,5,,5,19.5,-99999999,28.9,-99999999,23.6,-99999999
20220118 ,0.0,-99999999,,5,,5,17.7,-99999999,29.8,-99999999,23.8,-99999999
20220119 ,1.8,-99999999,,5,,5,18.2,-99999999,29.1,-99999999,22.9,-99999999
20220120 ,0.0,-99999999,,5,,5,17.2,-99999999,29.3,-99999999,23.7,-99999999
20220121 ,0.0,-99999999,,5,,5,17.2,-99999999,27.7,-99999999,22.0,-99999999
20220122 ,4.3,-99999999,,5,,5,16.7,-99999999,29.2,-99999999,23.6,-99999999
20220123 ,0.0,-99999999,,5,,5,17.8,-99999999,29.5,-99999999,24.1,-99999999
20220124 ,0.0,-99999999,,5,,5,20.0,-99999999,30.6,-99999999,25.4,-99999999
20220125 ,0.0,-99999999,,5,,5,19.2,-99999999,27.7,-99999999,22.3,-99999999
20220126 ,0.0,-99999999,,5,,5,17.8,-99999999,26.1,-99999999,20.8,-99999999
20220127 ,1.2,-99999999,,5,,5,16.7,-99999999,26.7,-99999999,21.2,-99999999
20220128 ,0.0,-99999999,,5,,5,16.7,-99999999,27.3,-99999999,21.4,-99999999
20220129 ,1.8,-99999999,,5,,5,17.3,-99999999,27.3,-99999999,21.2,-99999999
20220130 ,0.0,-99999999,,5,,5,18.6,-99999999,27.8,-99999999,22.3,-99999999
20220131 ,0.0,-99999999,,5,,5,,-99999999,25.7,-99999999,,-99999999

