&SECTION1
CENTER=43           !<-Identification of Originating/Generating center (See commom code table C1 and C11 )
SUBCENTER=-99999999       !<-Sub-center of generating center (See common code C12)
/
! Note:  255 or -99999999   <- Missing value

!-------------------------
! Location identification 
!-------------------------
&STATION_ID
LATITUDE=-13.00552
LONGITUDE=-38.50576
WIGOS=0-76-0-2927408000000004
WMO=86678
HTEMP=2
HA= 47.6
SMC_TEMP=7
SMC_PREC=7

METHOD_TM=2
/

! *** Maximum temperature ***
&STIME_TX
HOUR=00
MINUTE=00
SECOND=01
DT=0
/

! *** Minimum temperature ***
&STIME_TN
HOUR=12
MINUTE=00
SECOND=01
DT=-1
/

! *** Meam temperature ***
&STIME_TM
HOUR=00
MINUTE=00
SECOND=01
DT=0
/

! *** Total Acumulate precipitation (RR) ***
&STIME_RR
HOUR=12
MINUTE=00
SECOND=01
DT=-1
/

! *** fresh snow (DS) ***
&STIME_DS
HOUR=-99999999
MINUTE=-99999999
SECOND=-99999999
DT=-99999999
/

! *** total snow deph (TSD) ***
&STIME_TSD
HOUR=-99999999
MINUTE=-99999999
SECOND=-99999999
DT=-99999999
/


&DATA_SECTION
!date,rr(mm),qrr,ds,qds,tsd,qtsd,tn(K),qtn,tx(K),qtx,tm(K),qtm
20220101 ,0.0,-99999999,,5,,5,,-99999999,24.2,-99999999,30.4,-99999999
20220102 ,0.0,-99999999,,5,,5,,-99999999,23.5,-99999999,30.8,-99999999
20220103 ,0.0,-99999999,,5,,5,,-99999999,24.0,-99999999,30.9,-99999999
20220104 ,0.0,-99999999,,5,,5,,-99999999,23.1,-99999999,28.9,-99999999
20220105 ,8.8,-99999999,,5,,5,,-99999999,22.9,-99999999,31.2,-99999999
20220106 ,0.0,-99999999,,5,,5,,-99999999,24.3,-99999999,30.5,-99999999
20220107 ,0.0,-99999999,,5,,5,,-99999999,25.4,-99999999,30.7,-99999999
20220108 ,0.0,-99999999,,5,,5,,-99999999,25.4,-99999999,30.6,-99999999
20220109 ,0.8,-99999999,,5,,5,,-99999999,24.0,-99999999,31.2,-99999999
20220110 ,0.0,-99999999,,5,,5,,-99999999,24.2,-99999999,31.4,-99999999
20220111 ,0.0,-99999999,,5,,5,,-99999999,24.1,-99999999,31.3,-99999999
20220112 ,0.0,-99999999,,5,,5,,-99999999,24.8,-99999999,31.0,-99999999
20220113 ,0.0,-99999999,,5,,5,,-99999999,23.9,-99999999,30.4,-99999999
20220114 ,0.2,-99999999,,5,,5,,-99999999,24.4,-99999999,31.5,-99999999
20220115 ,0.0,-99999999,,5,,5,,-99999999,24.7,-99999999,31.2,-99999999
20220116 ,9.4,-99999999,,5,,5,,-99999999,22.4,-99999999,29.8,-99999999
20220117 ,2.6,-99999999,,5,,5,,-99999999,24.8,-99999999,30.9,-99999999
20220118 ,0.0,-99999999,,5,,5,,-99999999,24.1,-99999999,31.1,-99999999
20220119 ,0.0,-99999999,,5,,5,,-99999999,24.8,-99999999,30.3,-99999999
20220120 ,0.8,-99999999,,5,,5,,-99999999,25.5,-99999999,30.6,-99999999
20220121 ,0.8,-99999999,,5,,5,,-99999999,25.6,-99999999,31.7,-99999999
20220122 ,1.4,-99999999,,5,,5,,-99999999,25.1,-99999999,31.1,-99999999
20220123 ,2.8,-99999999,,5,,5,,-99999999,23.6,-99999999,29.8,-99999999
20220124 ,3.4,-99999999,,5,,5,,-99999999,24.0,-99999999,28.6,-99999999
20220125 ,0.4,-99999999,,5,,5,,-99999999,24.0,-99999999,32.3,-99999999
20220126 ,0.0,-99999999,,5,,5,,-99999999,25.3,-99999999,32.0,-99999999
20220127 ,3.4,-99999999,,5,,5,,-99999999,23.0,-99999999,31.6,-99999999
20220128 ,0.0,-99999999,,5,,5,,-99999999,24.2,-99999999,31.4,-99999999
20220129 ,0.0,-99999999,,5,,5,,-99999999,25.4,-99999999,32.8,-99999999
20220130 ,0.0,-99999999,,5,,5,,-99999999,25.7,-99999999,32.4,-99999999
20220131 ,0.0,-99999999,,5,,5,,-99999999,25.2,-99999999,33.2,-99999999

