&SECTION1
CENTER=43           !<-Identification of Originating/Generating center (See commom code table C1 and C11 )
SUBCENTER=-99999999       !<-Sub-center of generating center (See common code C12)
/
! Note:  255 or -99999999   <- Missing value

!-------------------------
! Location identification 
!-------------------------
&STATION_ID
LATITUDE=-1.43583
LONGITUDE=-48.43722
WIGOS=0-76-0-1501402000W82191
WMO=82191
HTEMP=1.5
HA= 7.1
SMC_TEMP=7
SMC_PREC=7

METHOD_TM=3
/

! *** Maximum temperature ***
&STIME_TX
HOUR=00
MINUTE=00
SECOND=01
DT=0
/

! *** Minimum temperature ***
&STIME_TN
HOUR=12
MINUTE=00
SECOND=01
DT=-1
/

! *** Meam temperature ***
&STIME_TM
HOUR=00
MINUTE=00
SECOND=01
DT=0
/

! *** Total Acumulate precipitation (RR) ***
&STIME_RR
HOUR=12
MINUTE=00
SECOND=01
DT=-1
/

! *** fresh snow (DS) ***
&STIME_DS
HOUR=-99999999
MINUTE=-99999999
SECOND=-99999999
DT=-99999999
/

! *** total snow deph (TSD) ***
&STIME_TSD
HOUR=-99999999
MINUTE=-99999999
SECOND=-99999999
DT=-99999999
/


&DATA_SECTION
!date,rr(mm),qrr,ds,qds,tsd,qtsd,tn(K),qtn,tx(K),qtx,tm(K),qtm
20220101 ,2.9,-99999999,,5,,5,23.0,-99999999,31.9,-99999999,25.9,-99999999
20220102 ,7.4,-99999999,,5,,5,23.4,-99999999,32.3,-99999999,26.3,-99999999
20220103 ,6.0,-99999999,,5,,5,22.8,-99999999,28.4,-99999999,24.7,-99999999
20220104 ,3.3,-99999999,,5,,5,21.7,-99999999,32.1,-99999999,25.8,-99999999
20220105 ,1.4,-99999999,,5,,5,22.8,-99999999,31.5,-99999999,26.4,-99999999
20220106 ,0.2,-99999999,,5,,5,22.9,-99999999,31.9,-99999999,26.3,-99999999
20220107 ,0.1,-99999999,,5,,5,23.3,-99999999,31.7,-99999999,26.9,-99999999
20220108 ,7.4,-99999999,,5,,5,22.5,-99999999,31.1,-99999999,25.9,-99999999
20220109 ,3.8,-99999999,,5,,5,22.2,-99999999,26.7,-99999999,24.6,-99999999
20220110 ,0.5,-99999999,,5,,5,22.2,-99999999,32.1,-99999999,26.1,-99999999
20220111 ,16.6,-99999999,,5,,5,22.4,-99999999,30.7,-99999999,25.7,-99999999
20220112 ,0.0,-99999999,,5,,5,23.5,-99999999,30.5,-99999999,25.3,-99999999
20220113 ,38.3,-99999999,,5,,5,21.2,-99999999,32.1,-99999999,25.7,-99999999
20220114 ,0.8,-99999999,,5,,5,22.1,-99999999,32.9,-99999999,25.6,-99999999
20220115 ,1.4,-99999999,,5,,5,22.2,-99999999,32.8,-99999999,25.8,-99999999
20220116 ,29.0,-99999999,,5,,5,21.3,-99999999,30.6,-99999999,25.4,-99999999
20220117 ,12.4,-99999999,,5,,5,22.0,-99999999,31.7,-99999999,26.3,-99999999
20220118 ,41.1,-99999999,,5,,5,22.6,-99999999,28.7,-99999999,24.9,-99999999
20220119 ,5.0,-99999999,,5,,5,22.0,-99999999,32.7,-99999999,25.5,-99999999
20220120 ,19.4,-99999999,,5,,5,22.1,-99999999,33.3,-99999999,26.8,-99999999
20220121 ,0.0,-99999999,,5,,5,22.7,-99999999,33.9,-99999999,26.9,-99999999
20220122 ,4.0,-99999999,,5,,5,22.4,-99999999,33.9,-99999999,27.3,-99999999
20220123 ,  ,-99999999, ,5,,5,,-99999999,,-99999999,,-99999999
20220124 ,1.2,-99999999,,5,,5,23.2,-99999999,33.5,-99999999,26.1,-99999999
20220125 ,25.1,-99999999,,5,,5,24.2,-99999999,33.5,-99999999,26.6,-99999999
20220126 ,25.2,-99999999,,5,,5,23.9,-99999999,33.6,-99999999,26.8,-99999999
20220127 ,4.0,-99999999,,5,,5,23.8,-99999999,30.6,-99999999,25.7,-99999999
20220128 ,4.1,-99999999,,5,,5,23.7,-99999999,30.3,-99999999,25.2,-99999999
20220129 ,27.7,-99999999,,5,,5,22.9,-99999999,26.9,-99999999,24.4,-99999999
20220130 ,  ,-99999999, ,5,,5,,-99999999,,-99999999,,-99999999
20220131 ,1.4,-99999999,,5,,5,23.5,-99999999,31.9,-99999999,26.3,-99999999

